10 1
13 4
14 1
10 3
16 4
3 4
6 1
11 2
14 1
20 4
4 2
11 2
21 4
13 4
22 5
17 3
11 2
14 3
12 5
9 1
19 2
4 1
12 3
24 2
20 2
10 5
5 4
3 2
20 3
20 4
8 4
11 3
16 5
12 3
6 1
16 1
11 3
22 5
9 2
22 1
17 3
19 1
3 2
9 5
20 2
17 1
23 5
9 5
23 5
12 3
20 5
19 4
8 2
17 2
18 4
17 2
7 1
2 3
8 2
17 2
19 1
5 2
2 4
16 2
16 3
9 2
13 5
12 1
13 1
18 1
24 3
7 2
13 4
12 5
15 4
15 1
6 4
1 3
23 5
5 1
15 4
8 5
16 5
8 1
7 4
1 2
13 2
21 5
6 4
16 2
1 4
9 2
14 1
22 4
5 2
20 4
11 4
21 5
21 4
11 3
21 3
9 2
10 3
17 3
10 4
7 5
2 1
21 2
17 1
12 4
2 3
6 2
2 3
6 5
20 2
17 4
16 3
23 2
20 1
15 2
24 5
24 5
7 3
12 1
14 1
16 1
24 3
5 3
1 5
8 1
6 2
23 5
17 4
1 3
14 2
3 2
2 3
5 2
7 1
16 4
5 3
21 5
16 3
5 1
5 3
9 3
15 3
6 1
2 4
16 3
21 2
19 4
9 5
6 3
1 4
10 4
18 1
18 4
20 5
6 3
17 2
17 5
6 1
17 1
7 4
16 2
16 2
10 3
23 2
21 4
15 2
13 4
6 3
19 1
19 5
15 2
22 4
7 5
1 3
7 3
16 4
11 3
13 5
8 3
20 3
10 2
17 4
4 5
4 3
6 4
7 2
12 1
19 1
1 5
1 5
2 1
22 4
13 4
23 1
20 3
20 2
16 5
8 1
7 1
23 5
24 2
4 3
24 5
17 2
13 1
15 2
12 1
23 4
11 5
20 2
13 4
17 5
14 5
5 3
17 5
17 3
1 5
10 4
